0.01722580909729004
0.014663866758346557
0.021439924240112304
0.013305637836456299
0.01489046573638916
0.014233349561691285
0.011893742084503174
0.02198434591293335
0.0161594820022583
0.016468805074691773
0.008167573809623718
0.014567191600799561
0.014922971725463868
0.009938765168190002
0.01991668701171875
0.00963182270526886
0.007742053270339966
0.006657722592353821
0.012939114570617676
0.009112765789031982
0.0068100947141647335
0.018066483736038207
0.005609171390533447
0.010504827499389649
0.007755488753318786
0.008791639804840087
0.011046955585479737
0.006140126585960388
0.005849944353103638
0.005213225483894348
0.004161162674427033
0.006145843267440796
0.005260306000709533
0.006492879986763
0.0053062266111373905
0.008046716451644897
0.004818236529827118
0.007409614324569702
0.007146737575531006
0.0039508423209190366
0.005205819606781006
0.004059794545173645
0.004625800848007202
0.0056221699714660645
0.005503022670745849
0.0042526650428771975
0.0033555224537849425
0.006477855443954468
0.004609080553054809
0.004270422458648682
0.0056574994325637815
0.0022040945291519165
0.0053288060426712035
0.005144982933998108
0.002818823754787445
0.0027400892972946167
0.0062821912765502926
0.0035061562061309815
0.004164058566093445
0.0029567700624465944
0.0014038261771202086
0.0020631462335586547
0.00289997398853302
0.0030903005599975586
0.0027611687779426574
0.003363924324512482
0.002516823410987854
0.003120693862438202
0.002646099925041199
0.0026040849089622497
0.002313232421875
0.0021362629532814025
0.0025986167788505554
0.0021258530020713804
0.002222566604614258
0.002030351310968399
0.001264258623123169
0.0014402429759502412
0.0026647722721099853
0.002179136425256729
0.00124612495303154
0.002422624975442886
0.001802583634853363
0.0021464574337005616
0.0012617658078670501
0.0015887534618377686
0.001517900973558426
0.003085762560367584
0.0014701947569847108
0.0012087832391262055
0.0018146926164627076
0.002230689972639084
0.002317296266555786
0.001634315699338913
0.0012974546849727632
0.0011095833033323288
0.0018366867303848268
0.0015619555115699768
0.0012969467043876647
0.0017687740921974182
0.003232767581939697
0.0012639081478118897
0.002093437910079956
0.001149173378944397
0.0009678340703248978
0.0011765602231025695
0.0009781084209680557
0.0010733798891305922
0.0010246008634567261
0.001966729313135147
0.002059634327888489
0.0017204372584819793
0.0014222130179405213
0.0013732004165649414
0.0016346198320388793
0.0009842018783092499
0.0015903250873088837
0.0009344945847988129
0.000759919285774231
0.0014035141468048096
0.0017211899161338807
0.001062256023287773
0.0008682931959629059
0.0022505132853984835
0.0014965595304965973
0.001280653178691864
0.0009415075182914734
0.0011784184724092483
0.0008893523365259171
0.0013486002385616302
0.0010357695817947389
0.0013433943688869476
0.001379328668117523
0.0010015016794204712
0.0016731815040111541
0.0010810619592666625
0.0006028963252902031
0.0013002681732177735
0.001602555066347122
0.0014685608446598053
0.0008211608231067657
0.0014131295680999756
0.001283869594335556
0.0009964360296726227
0.0008320262283086777
0.0011753713339567185
0.0009706828743219376
0.001388600766658783
0.0019217768311500549
0.0012461917847394943
0.0007933247089385987
0.0018201576173305512
0.0008709181100130081
0.001558716595172882
0.0010247711092233659
0.0015574482083320618
0.0011166997998952866
0.0016945594549179078
0.0009664230048656464
0.001129467785358429
0.0011971578747034073
0.0008803703635931015
0.0006154055520892144
0.0008514621853828431
0.0008844156563282013
0.0010740529745817185
0.0017176216840744018
0.0009170951694250106
0.00147865891456604
0.001195164769887924
0.000814940258860588
0.0009566963464021683
0.0011011398583650588
0.0004914344847202301
0.0010386832058429719
0.0017558158934116363
0.0008660799264907837
0.0011130987107753753
0.0007816123962402344
0.0009858158230781555
0.000835893601179123
0.0011513695120811463
0.001310078650712967
0.0009339644759893417
0.0007060924917459488
0.0007598412781953812
0.0006467576324939728
0.001704888939857483
0.0009291958808898926
0.0008419658988714218
0.0009709295630455018
0.000858471468091011
0.0011581744253635407
0.0009295167773962021
0.0009259704500436782
0.0013862831890583038
0.0006411471962928772
0.0012514710426330567
0.0006678806990385055
0.0005495560169219971
0.0007784273475408554
0.0008953235298395156
0.0011512047797441482
0.0006292691081762314
0.0010837045311927794
0.0012312080711126328
0.000920012891292572
0.0009466691315174103
0.0007172414660453797
0.0011105693131685257
0.00042046330869197844
0.0015310415625572206
0.00039465799927711486
0.0010960698872804642
0.0008687428385019303
0.0006445175409317016
0.0006217991933226586
0.000986279770731926
0.0013305829465389252
0.0011986581981182098
0.0006653874367475509
0.0006425226479768753
0.0012337377667427064
0.00094281405210495
0.0008152041584253312
0.0012205012142658233
0.0008246909826993942
0.001168961152434349
0.0007708495110273361
0.0008581842482089996
0.001298142671585083
0.000836607739329338
0.0009515371918678284
0.000570492073893547
0.0009275736659765244
0.0012885209918022155
0.0007431415468454361
0.0006866437196731567
0.0006176450848579407
0.0008026214689016342
0.0005179132148623466
0.0009783338755369186
0.0005976124107837676
0.0006787470728158951
0.0008194779604673386
0.0007254109531641006
0.0006781520694494247
0.0016390171647071839
0.001295536458492279
0.000813322439789772
0.0006433763355016708
0.0010944758355617523
0.0006839441508054733
0.0009035390615463257
0.0004507870972156525
0.0011479461938142777
0.0005380569770932198
0.0015490646660327912
0.0005176358669996262
0.001182226911187172
0.0006330347061157226
0.0010746870189905166
0.0006645523756742478
0.0011727876961231231
0.0006785847246646882
0.0013332659006118775
0.0009300027042627335
0.001195739209651947
0.0006012758240103722
0.0006489802151918411
0.0012032797932624818
0.0008876218646764755
0.0006620678305625916
0.00046170052140951154
0.0007585341483354568
0.0006881622970104218
0.0007686368376016617
0.0008230212330818176
0.0007367121428251267
0.0010029155015945435
0.0003869600594043732
0.0010193252563476562
0.0007361604273319244
0.000820905938744545
0.000648806095123291
0.0006893604248762131
0.0006022331863641739
0.00126359760761261
0.0008500716835260391
0.0009150447696447372
0.0007958369702100753
0.0005835351347923278
0.0008059383183717728
0.0005932832881808281
0.0010594253242015839
0.000610896535217762
0.0009134193509817124
0.0007924249023199082
0.0006060576438903808
0.0010150520503520966
0.016096669435501098
0.01466615915298462
0.021764535903930664
0.013178821802139282
0.014905532598495483
0.013715823888778686
0.011477084159851074
0.02139981746673584
0.015554248094558716
0.015600475072860718
0.008303468227386474
0.014280322790145874
0.014754083156585693
0.00907504141330719
0.01982690453529358
0.009577903747558594
0.007768623232841491
0.006460778713226319
0.013114295005798339
0.008544609546661378
0.006689028143882752
0.017677230834960936
0.005736333727836609
0.010953054428100586
0.007113856673240662
0.008901631832122803
0.011996916532516479
0.006466621160507202
0.007109197974205017
0.0047028884291648865
0.004458183944225311
0.006169727444648743
0.005476287603378296
0.006767218708992004
0.005598444938659668
0.008542974591255187
0.004716092050075531
0.007965828180313111
0.0071665972471237184
0.0037711846828460695
0.00478719562292099
0.003670588731765747
0.004593607783317566
0.006176120638847351
0.005732538700103759
0.004795834422111511
0.003450821042060852
0.0067903435230255126
0.0054238450527191165
0.004063116908073425
0.006170990467071533
0.0035290598869323732
0.004236692190170288
0.004849508702754975
0.002750484347343445
0.0024325035512447355
0.005849649310112
0.003805764317512512
0.0038606032729148866
0.0021286767721176146
0.0013233962655067443
0.0024072551727294922
0.0027637046575546263
0.003310202658176422
0.0031054264307022097
0.003285266160964966
0.0029136288166046144
0.003142302632331848
0.0032350680232048033
0.0028224587440490723
0.002191304564476013
0.002094204276800156
0.002746208608150482
0.0021132957935333253
0.0022456997632980345
0.0020459043979644776
0.0015211045742034913
0.0014268393814563752
0.002664724290370941
0.0021568590402603147
0.0011880344152450561
0.002531065046787262
0.0017371857166290283
0.0020099884271621705
0.0012710252404212951
0.0016580317914485932
0.0014807580411434174
0.0030473268032073977
0.0014226312935352325
0.0012445595115423203
0.001554020494222641
0.0021789008378982544
0.002125774025917053
0.0015932659804821015
0.0013668891787528992
0.001142010912299156
0.0016645579040050506
0.0014510270953178406
0.001254219114780426
0.0018024784326553345
0.003205484449863434
0.0013383716344833375
0.0018745920062065125
0.0010795031487941741
0.0010131076723337174
0.0010670164227485656
0.0010468745976686478
0.001020410731434822
0.0010499126464128495
0.0017238438129425048
0.0019894355535507204
0.0016126450896263122
0.001455596387386322
0.001355087161064148
0.0015391559898853301
0.0009186682850122452
0.0014962531626224519
0.0008629646152257919
0.0008164256811141968
0.0012928563356399535
0.001630793958902359
0.0009989673644304276
0.000876733511686325
0.002136801928281784
0.0013939514756202698
0.0011825977265834807
0.0009093878418207169
0.0011329729110002517
0.0007636248320341111
0.0014024202525615692
0.0010433652997016906
0.001296323388814926
0.0013457919657230378
0.0008968646824359894
0.0015147157013416291
0.001050172820687294
0.0006010165065526963
0.0012914076447486877
0.0015679727494716644
0.001476316750049591
0.0007588949054479599
0.00131671279668808
0.0012584863603115081
0.0009100577980279922
0.0008475658297538757
0.001196705624461174
0.0010316631197929383
0.0013454970717430115
0.001881018429994583
0.0012222152948379516
0.0008609100431203842
0.0017716793715953827
0.0009310688078403473
0.0015279202163219453
0.0011082427948713302
0.0015236148238182068
0.0010577693581581115
0.0016867294907569885
0.0009633530676364899
0.0010631196945905686
0.0011113733053207397
0.0008788122236728668
0.0006178474798798562
0.0008840934932231903
0.0008777962625026703
0.0010724925994873046
0.0016653841733932494
0.0009716417640447617
0.00152943417429924
0.001170482262969017
0.0007770876586437226
0.0009923144429922104
0.0010298476368188858
0.0004992876946926117
0.0010619405657052994
0.001673632860183716
0.0008398046344518661
0.001214095801115036
0.0007858251035213471
0.000999077409505844
0.0008343788236379623
0.0011285682767629623
0.0012303845584392549
0.0009272462129592896
0.0006817572563886643
0.0007260069251060486
0.000719277486205101
0.0016370609402656556
0.0009048271179199218
0.0008873897790908814
0.0008865652233362198
0.0008742538094520569
0.0010990367829799652
0.0008727207779884339
0.0009687059372663498
0.0013141737878322602
0.000699065625667572
0.0012558832764625548
0.0006684646755456924
0.0005238787829875947
0.0007314012199640274
0.0008890144526958466
0.001162426844239235
0.0006386658549308777
0.0010709163546562194
0.0011900842934846878
0.0008301231265068055
0.0009669212996959686
0.0006932726502418518
0.0010606155544519425
0.00041415270417928697
0.0014463105797767638
0.0004249949380755425
0.0010445623099803924
0.0008369943499565124
0.0007295171916484833
0.0006572264432907105
0.0010316728800535203
0.0013244633376598358
0.0011711107194423676
0.0007201121747493744
0.0006062590703368187
0.0011373226344585418
0.0009383153915405273
0.0008135601133108139
0.0010937441140413285
0.0008162672072649002
0.0011107486486434937
0.0008275239914655685
0.0009598476439714432
0.0012778981029987334
0.0008173839747905731
0.0009806293249130249
0.0005539912357926369
0.0008819577097892761
0.0012437099218368531
0.0007770638167858124
0.0006992458552122116
0.0006385834515094757
0.0008035816252231597
0.000497724898159504
0.0010368325561285019
0.0005614213645458221
0.0006123923137784004
0.0008112139999866486
0.0006840107589960098
0.000737181305885315
0.0015866951644420623
0.0012607760727405548
0.0007872874289751052
0.0006467980146408081
0.0010502668470144271
0.0006859155744314194
0.0008397147804498673
0.0005055131763219834
0.001115276888012886
0.0005685117840766907
0.001504221260547638
0.0005642490833997726
0.0012558841705322267
0.000646141767501831
0.0010205544531345367
0.00071074478328228
0.0011615785956382752
0.000682884156703949
0.0012480787187814713
0.0008637180179357529
0.0011564460396766662
0.000594642385840416
0.0006550641357898712
0.0011189666390419007
0.0009241738915443421
0.0006137344986200333
0.00044980544596910475
0.0007612719386816025
0.0006692006438970566
0.0007382676005363465
0.0008397620171308517
0.000720161646604538
0.0009775951504707337
0.0004340699315071106
0.0009720968455076218
0.0007149098813533783
0.0008619888126850128
0.0006016902998089791
0.0006548097729682922
0.000579460859298706
0.0012193052470684052
0.0008205825835466385
0.0009487384557723999
0.0007522738724946976
0.0006103922054171562
0.0008300342410802841
0.0005928345769643784
0.0010676953941583633
0.0006223176792263985
0.0008898904919624329
0.0007168007642030716
0.00058016337454319
0.000985550805926323
0.01838294982910156
0.02306734085083008
0.016598018407821654
0.013806866407394409
0.021600611209869384
0.02151284456253052
0.015136609077453613
0.021921367645263673
0.019389352798461913
0.020542912483215332
0.023781042098999023
0.019667831659317018
0.019646332263946534
0.02010331630706787
0.013634730577468872
0.014698065519332885
0.02127894401550293
0.01649412512779236
0.02012077808380127
0.02239464521408081
0.01941706895828247
0.018616055250167848
0.018438590764999388
0.01624740958213806
0.012367005348205567
0.02668666124343872
0.017397810220718384
0.019461548328399657
0.021579864025115966
0.017516393661499024
0.022126195430755616
0.015959025621414186
0.020710926055908203
0.017977043390274047
0.025707764625549315
0.026620135307312012
0.02321037769317627
0.013207815885543824
0.024952335357666014
0.019685128927230833
0.022266092300415038
0.017232911586761476
0.01763863205909729
0.018726714849472047
0.02154065132141113
0.02081920862197876
0.020070862770080567
0.016726369857788085
0.022584872245788576
0.0194322144985199
0.022597241401672363
0.01716086149215698
0.016697170734405516
0.01782444953918457
0.018414310216903686
0.01517734169960022
0.01415103554725647
0.017199838161468507
0.022869129180908204
0.022076785564422607
0.01699815034866333
0.020784900188446045
0.014852029085159302
0.016038867235183715
0.014157660007476806
0.018579161167144774
0.0249186372756958
0.017179367542266847
0.01696950078010559
0.013544131517410279
0.016128377914428713
0.014399563074111938
0.019517815113067626
0.015531543493270874
0.01630936622619629
0.018740968704223634
0.016519479751586914
0.013858251571655274
0.020195980072021485
0.015295214653015136
0.015662732124328612
0.012615143060684205
0.022314298152923583
0.014119441509246827
0.015192112922668456
0.019823373556137086
0.014187557697296143
0.017245984077453612
0.01600674033164978
0.014691967964172364
0.021885199546813963
0.016742677688598634
0.015920486450195313
0.018437286615371706
0.011274712085723877
0.014969186782836914
0.01588155508041382
0.014116439819335937
0.011948200464248658
0.01417809009552002
0.015429342985153199
0.014219664335250855
0.015293980836868287
0.013381963968276978
0.021080493927001953
0.016555047035217284
0.022004330158233644
0.014708585739135742
0.014667105674743653
0.026753466129302978
0.016115802526474
0.010169068574905396
0.019406694173812866
0.016762609481811522
0.015650669336318968
0.01409191608428955
0.017058279514312744
0.014670697450637817
0.012737246751785279
0.026182019710540773
0.020150859355926514
0.022322385311126708
0.01568941950798035
0.018565421104431153
0.02087775945663452
0.019484655857086183
0.021366980075836182
0.015099236965179444
0.01825338840484619
0.01823042631149292
0.01865276336669922
0.013014167547225952
0.01887123107910156
0.020334267616271974
0.012833484411239625
0.018720239400863647
0.017231909036636354
0.022049436569213866
0.013194198608398438
0.012151011228561402
0.014840495586395264
0.017123665809631348
0.007338515520095825
0.012922137975692749
0.01485184669494629
0.01370921015739441
0.011226963996887208
0.015606476068496704
0.010368844270706177
0.013421385288238526
0.0096234530210495
0.015283310413360595
0.015446892976760863
0.009507224559783936
0.00948086678981781
0.01491298794746399
0.01297013759613037
0.012459853887557984
0.00980600118637085
0.0211796236038208
0.014832739830017089
0.009808244109153747
0.021516854763031005
0.014914413690567016
0.013837448358535766
0.013788119554519654
0.013718516826629638
0.0157277250289917
0.015601954460144042
0.01479509711265564
0.014677737951278686
0.01494077205657959
0.015268727540969848
0.012216352224349976
0.02004399299621582
0.016684690713882445
0.013429477214813232
0.02322144269943237
0.013383188247680665
0.011293268203735352
0.013337239027023315
0.015596117973327637
0.013665266036987304
0.01413264513015747
0.01349705457687378
0.016172658205032348
0.012039395570755005
0.011198631525039672
0.012173621654510499
0.015039788484573364
0.01514116644859314
0.008301351666450501
0.012652511596679688
0.014111732244491576
0.011630549430847167
0.016398260593414305
0.011725149154663085
0.010641322135925294
0.010396136045455933
0.012655229568481445
0.012582216262817383
0.011400946378707887
0.00848857820034027
0.010452743768692017
0.013009448051452637
0.008086158633232117
0.010697538852691651
0.009235905408859253
0.012026746273040772
0.008637048602104187
0.014347332715988158
0.01338914155960083
0.008600618243217468
0.011361148357391358
0.00872247338294983
0.009259145259857177
0.009559148550033569
0.008410685658454896
0.008917201161384582
0.010968612432479858
0.011074076890945434
0.015073983669281006
0.0134649395942688
0.009562751650810242
0.008633215427398682
0.012951722145080566
0.010701583623886108
0.010003914833068847
0.011225922107696533
0.010742940902709962
0.008517718315124512
0.009278872013092042
0.013594293594360351
0.012695176601409912
0.012629066705703735
0.009928675889968873
0.013405711650848388
0.007623429894447326
0.015455284118652345
0.01224238395690918
0.010872327089309693
0.014119648933410644
0.009831554889678955
0.009657341241836547
0.019211630821228027
0.022961397171020508
0.008477991223335266
0.016799588203430176
0.012128174304962158
0.011218829154968262
0.013523260354995728
0.013440115451812744
0.013159173727035522
0.010350641012191773
0.01136082410812378
0.013865181207656861
0.01216263771057129
0.015481127500534058
0.009124705791473389
0.013671631813049317
0.010065821409225463
0.008801957964897156
0.012137981653213501
0.01160984992980957
0.008679163455963135
0.01430361270904541
0.009281988739967346
0.009668294787406922
0.008343419432640076
0.010830397605895997
0.0076761174201965335
0.010179715156555176
0.010670304298400879
0.006960607767105102
0.005903459191322327
0.009721652269363404
0.008988036513328553
0.008125192523002624
0.01570591926574707
0.00822477400302887
0.013368637561798095
0.0068385046720504765
0.007790890336036682
0.012496856451034545
0.01525710105895996
0.008115646243095399
0.013118767738342285
0.01951227068901062
0.011490844488143921
0.01199472188949585
0.015250171422958375
0.011199140548706054
0.010415555238723754
0.010185403823852539
0.014713400602340698
0.014032318592071533
0.007029344439506531
0.01167385458946228
0.01233324408531189
0.00942568838596344
0.006690585613250732
0.006601290106773377
0.008476357460021972
0.0068017542362213135
0.008900076150894165
0.014514836072921753
0.013240211009979248
0.011346931457519532
0.011339434385299683
0.009310003519058228
0.010372964143753051
0.009143940210342406
0.007038637399673462
0.009098742008209228
0.006659259796142578
0.015411230325698853
0.00906120777130127
0.00834362506866455
0.009364185333251953
0.008819665312767028
0.008648472428321839
0.008396859765052795
0.009931506514549255
0.011543492078781128
0.00997677743434906
0.007191855907440186
0.011873245239257812
0.008513621687889099
0.006433737277984619
0.010797104835510253
0.009084010124206543
0.008799490332603455
0.011877849102020263
0.006716700196266174
0.00857464611530304
0.00829251527786255
0.009638749957084657
0.0061954838037490845
0.009257404208183289
0.00854960560798645
0.008510458469390868
0.009209617376327514
0.01122134804725647
0.011213763952255248
0.007311861515045166
0.008517516255378723
0.0060064148902893065
0.006431760191917419
0.01275039553642273
0.007678781151771546
0.005647873878479004
0.0063320261240005496
0.0054426175355911256
0.006783462762832641
0.01194769024848938
0.009338864088058473
0.006580475568771362
0.011564993858337402
0.007325217723846435
0.006933179497718811
0.010495268106460572
0.009090311527252197
0.006123340129852295
0.0064837998151779175
0.016914100646972657
0.006411268711090088
0.00774922788143158
0.007648680210113525
0.0093192321062088
0.005865588188171387
0.007955783009529115
0.005071597099304199
0.007594956159591675
0.007368412017822266
0.008650251626968385
0.006002218723297119
0.007471020221710205
0.010469253063201905
0.00833916187286377
0.00660106360912323
0.0051514172554016115
0.0069304794073104855
0.008331321477890015
0.005196672677993774
0.009544686675071716
0.008134610652923584
0.009670712351799012
0.00764789879322052
0.008631376624107361
0.007733204364776611
0.007280091643333435
0.00599932610988617
0.005522581338882446
0.006081762313842773
0.005384609699249267
0.00854438602924347
0.008185012936592103
0.0066422361135482786
0.00810302495956421
0.007103647589683532
0.011156902313232422
0.005513404607772827
0.006184414029121399
0.007962697744369506
0.004793106019496918
0.005170189738273621
0.006451808214187622
0.005506057739257813
0.006903572082519531
0.006663371920585632
0.007172680497169495
0.007806788086891174
0.006715422868728638
0.008112571835517883
0.008112493753433227
0.006567533612251281
0.010877720117568969
0.007264047265052796
0.008008994460105896
0.0057726061344146725
0.0073223024606704715
0.011134371757507325
0.007037156820297241
0.010650501251220704
0.006888291835784912
0.004375487565994263
0.006383052468299866
0.013403416872024536
0.006749017834663391
0.007252391576766968
0.008749580383300782
0.008164861798286438
0.005795148611068726
0.007242013812065125
0.008808934092521668
0.004936722218990326
0.004483827948570251
0.006214916110038758
0.007992005944252013
0.007028674483299255
0.008750890493392944
0.00872977912425995
0.00977853238582611
0.007222910523414612
0.005834794640541077
0.007463979125022888
0.007701530456542969
0.008499523997306824
0.005569746494293213
0.005954554677009583
0.00410971075296402
0.006210466027259827
0.008923715353012085
0.006075901985168457
0.006474986076354981
0.007869557142257691
0.005617321133613586
0.005910833477973938
0.005315943956375122
0.00910545289516449
0.01095962643623352
0.005803914070129395
0.007617718577384949
0.005367085933685302
0.00867861032485962
0.009065973162651062
0.0074283647537231445
0.00735756516456604
0.00654508888721466
0.007256612181663513
0.005438742041587829
0.005367769598960876
0.009580898284912109
0.0055763375759124755
0.007858467102050782
0.006014074087142944
0.00886431097984314
0.009714443683624268
0.0069152677059173585
0.005333681702613831
0.005830299258232117
0.008316037654876708
0.00490412563085556
0.005163457989692688
0.007095105648040771
0.004653150141239166
0.0064360517263412475
0.005081866383552552
0.006575842499732971
0.005658355355262756
0.006816210150718689
0.005149941444396972
0.004972518682479859
0.006492863297462463
0.004032351672649383
0.0051874321699142455
0.004333413243293762
0.007456175088882446
0.0042578276991844174
0.006721256375312805
0.005444067120552063
0.008811931014060975
0.004954662621021271
0.005219569206237793
0.005606994032859802
0.008410043120384215
0.006821498274803162
0.00647361695766449
0.005375861525535584
0.004576326012611389
0.006084458231925965
0.007345017790794372
0.007256993651390075
0.007486226558685302
0.005912671685218811
0.006089975237846375
0.00783046543598175
0.004419035613536835
0.00813511073589325
0.005549570322036743
0.007247097492218017
0.005591226220130921
0.0058131343126297
0.005730643272399903
0.0065934544801712035
0.005536184906959534
0.004842609465122223
0.006384199261665344
0.007935186028480529
0.005852295160293579
0.005765151381492615
0.005654270648956299
0.008254474401474
0.007220689654350281
0.005416442155838013
0.006272652745246887
0.006061687469482422
0.004203188419342041
0.004802052974700928
0.005462771654129029
0.0033460816740989684
0.00571681797504425
0.004966025948524475
0.0052677816152572636
0.006604411602020264
0.00540020227432251
0.004553354382514954
0.005490431189537048
0.004963132739067078
0.005712599754333496
0.0046003440022468565
0.005473224520683289
0.006604229211807251
0.0074346005916595456
0.0039728182554245
0.005979214906692505
0.006093351244926453
0.008440889120101928
0.006727362871170044
0.005451881885528564
0.003500625491142273
0.005355034470558167
0.00576038658618927
0.004000180065631866
0.007151933908462524
0.00801025390625
0.0073552167415618895
0.005030750036239624
0.0054247123003005986
0.0048852691054344175
0.004538642466068268
0.004850645959377289
0.006829174160957336
0.004738416969776154
0.005457660555839539
0.0056583422422409055
0.00792474389076233
0.0035769057273864744
0.004637522399425506
0.004739630222320557
0.005114532709121704
0.007454766035079956
0.0046634674072265625
0.0072458767890930175
0.006747900247573852
0.007969396114349365
0.005260194540023804
0.005971594452857971
0.010164084434509278
0.007227380871772766
0.011931118965148925
0.004443681836128235
0.006910451650619507
0.006092758774757385
0.00727548360824585
0.005746182799339294
0.013760567903518676
0.00614805817604065
0.006855378746986389
0.006161172389984131
0.006084156036376953
0.005656593441963196
0.004906002879142762
0.004503473043441773
0.004167342782020569
0.003909555077552795
0.004275459349155426
0.0036385613679885864
0.0033969035744667053
0.005443924069404602
0.007905271649360657
0.004789910912513733
0.004754414260387421
0.006451506614685059
0.00376994252204895
0.004741404056549072
0.005686336159706116
0.004286308288574219
0.005412675738334656
0.005456523299217224
0.0056987166404724125
0.005617254376411438
0.003098764419555664
0.00504621684551239
0.0065510404109954835
0.007074784636497498
0.006622878313064576
0.005354650616645813
0.0072780740261077885
0.008111143708229065
0.003522132933139801
0.007205172777175904
0.005196884274482727
0.002914082407951355
0.004146613776683807
0.005351096987724304
0.004948316216468811
0.005319202542304993
0.006557701230049133
0.004885956645011902
0.0045707798004150394
0.007496951222419739
0.005362097024917602
0.002720630168914795
0.00914760410785675
0.00742424726486206
0.004164982736110687
0.007679377794265747
0.007158323526382447
0.006382073760032653
0.00873226225376129
0.005594491362571717
0.0034093630313873293
0.005342792868614197
0.006183040738105774
0.004132944941520691
0.0042871502041816716
0.00562390923500061
0.006589864492416382
0.0029447028040885926
0.005311678647994995
0.006892399787902832
0.004492266774177551
0.006773295402526855
0.0049102893471717835
0.003540695309638977
0.007901178002357482
0.004012449681758881
0.005591036081314087
0.0050516420602798465
0.0047161439061164856
0.0050989723205566405
0.004260590374469757
0.005506556034088134
0.004892853498458863
0.0028927478194236754
0.009261607527732849
0.005741755962371826
0.004116244614124298
0.008008224368095397
0.0046005907654762266
0.00526684045791626
0.0043736729025840755
0.006019231677055359
0.004899926781654358
0.005845827460289002
0.003547907769680023
0.004488886296749115
0.005568585395812988
0.005820305943489075
0.003960784077644348
0.006583579778671265
0.003960143327713012
0.006940245032310486
0.00529324471950531
0.004335082769393921
0.005388457775115967
0.006906240582466126
0.003841812014579773
0.006272655725479126
0.0035727500915527345
0.0039960876107215885
0.0037926170229911804
0.005768606066703796
0.007075538635253906
0.004432293772697449
0.0025891155004501344
0.009253634810447693
0.003212207555770874
0.004726291298866272
0.004658745229244232
0.004168979525566101
0.006001590490341186
0.0038797006011009215
0.002880378365516663
0.007839750647544861
0.0029178297519683837
0.008966156244277955
0.0053829169273376465
0.003732544183731079
0.00393308937549591
0.006520045399665833
0.007211877703666687
0.0038135597109794617
0.005960302948951721
0.005570192337036133
0.003594028353691101
0.00475792795419693
0.005532128810882568
0.0035666590929031372
0.0051721143722534176
0.005200202465057373
0.004508358240127563
0.006749325394630432
0.004305128157138825
0.004891295731067657
0.005717901587486267
0.003366186022758484
0.002900415062904358
0.005572144389152527
0.0032884275913238527
0.0064280682802200315
0.0032602205872535707
0.0035172381997108457
0.004639962017536164
0.004728251397609711
0.006675411462783814
0.00447229415178299
0.005989153981208801
0.004696217477321625
0.0036426398158073427
0.004277831315994263
0.004634577631950378
0.005545257329940796
0.0037610641121864317
0.004661399126052857
0.004693330526351929
0.003305097222328186
0.007549124360084533
0.004599267840385437
0.004100505709648133
0.003445829749107361
0.003546147048473358
0.00315434992313385
0.00603478729724884
0.005687230825424194
0.005878524780273437
0.006542210578918457
0.009448621273040771
0.0046336829662323
0.003671187460422516
0.004896842241287232
0.004449243843555451
0.003730417490005493
0.004195409417152404
0.004826730489730835
0.005108531713485718
0.005606541633605957
0.0032820188999176025
0.0046665012836456295
0.003955090045928955
0.00452709048986435
0.0036774596571922304
0.004087657630443573
0.00696216344833374
0.0061841410398483275
0.006633099913597107
0.004268452525138855
0.004234491288661957
0.0038564154505729676
0.0066678130626678465
0.004707509279251098
0.003958859145641327
0.0041928115487098695
0.004387340843677521
0.006765730381011963
0.002362617552280426
0.0049080741405487065
0.004751893579959869
0.003910659849643707
0.005211946964263916
0.0039957106113433834
0.004146849811077118
0.004650971293449402
0.004377919733524322
0.005036629438400268
0.004683109521865844
0.005830544829368591
0.003986116051673889
0.004047002494335174
0.00420166790485382
0.0035947117209434508
0.0035361945629119873
0.0038901215791702273
0.0036538222432136534
0.005528886914253235
0.005621241927146911
0.004437547326087952
0.004689477682113648
0.005309999585151672
0.005348777174949646
0.004259474873542786
0.00578172504901886
0.00584398627281189
0.0034715697169303895
0.003823600709438324
0.004312746822834015
0.004047414660453797
0.004762310087680816
0.0049768656492233275
0.002917581498622894
0.0034325018525123594
0.005253939628601074
0.004634784758090973
0.005310072302818298
0.003207344114780426
0.005765434503555298
0.005005878210067749
0.004469616711139679
0.004408441185951233
0.007351260185241699
0.006165652275085449
0.006048451662063598
0.0037283962965011597
0.007188137769699097
0.0038206160068511965
0.0066523408889770505
0.0035781419277191163
0.005390496253967285
0.006062731742858886
0.003329593539237976
0.0063400155305862425
0.005449541211128235
0.003976132273674011
0.005386099815368652
0.005588116645812988
0.004064499139785766
0.003848762512207031
0.005619246363639831
0.0035358268022537232
0.0023458942770957945
0.006885937452316284
0.003361227512359619
0.004828473627567291
0.0036475783586502075
0.005112468600273133
0.004459914267063141
0.0048907059431076046
0.0032621711492538453
0.008156651258468628
0.0053340929746627805
0.004165008962154389
0.007188499569892883
0.005529825687408447
0.005081353783607483
0.004043060541152954
0.003849114179611206
0.004729032218456268
0.0035885673761367797
0.00416385680437088
0.0036347156763076784
0.004559798538684845
0.004106503427028656
0.002428072541952133
0.004162505269050598
0.003913146555423737
0.004173616170883179
0.003001333475112915
0.00481364756822586
0.004777788519859314
0.003423595130443573
0.005447866320610046
0.004392871856689453
0.005334229469299317
0.0034417778253555296
0.003985244631767273
0.006716324090957642
0.005702161192893982
0.00335082620382309
0.004880253672599793
0.004575268924236297
0.004651806354522705
0.0028410699963569643
0.004301379323005676
0.004434117078781128
0.003921652138233185
0.0030394023656845092
0.003999600708484649
0.007389545440673828
0.004249812066555023
0.004211342632770538
0.005338807106018067
0.003155134916305542
0.00246209442615509
0.003039727509021759
0.0027607646584510803
0.003441194295883179
0.003345237076282501
0.004267564713954925
0.0036154022812843324
0.0032410851120948793
0.0033362922072410583
0.004649131894111634
0.0068120408058166505
0.00514654815196991
0.005412439107894898
0.002613018751144409
0.0038721776008605957
0.004906825125217438
0.006293550133705139
0.0036853834986686706
0.004173221588134765
0.004626610875129699
0.006328756213188172
0.0031626784801483156
0.0038827690482139588
0.004884195327758789
0.0038117054104804993
0.006856722235679627
0.006237032413482666
0.003960425555706024
0.005508729815483093
0.004030722677707672
0.0026598647236824036
0.0030874821543693544
0.0033961895108222963
0.004208003878593445
0.004258612692356109
0.003707382082939148
0.0035954025387763978
0.0037821575999259947
0.004851096272468567
0.0032550296187400817
0.0028454700112342836
0.004792707860469818
0.0034407928586006166
0.006434089541435242
0.00515352189540863
0.0029185211658477785
0.0037176361680030822
0.0035325074195861816
0.003327811360359192
0.0025480732321739195
0.0030787533521652224
0.0043520179390907285
0.003059822916984558
0.0023719726502895357
0.003654911816120148
0.0028436279296875
0.0035870972275733946
0.005108125805854798
0.004877435564994812
0.003914147913455963
0.004722727835178376
0.004115322828292847
0.00471441775560379
0.003773413002490997
0.00573545515537262
0.0030488720536231994
0.001994786113500595
0.0037685036659240723
0.005736443400382996
0.0023864635825157163
0.0033649280667304993
0.003822656273841858
0.0032815903425216673
0.0030464410781860353
0.0024752599000930787
0.004517155587673187
0.004107021391391754
0.0042293983697891235
0.004262857437133789
0.00312195748090744
0.004414723217487335
0.0031387776136398314
0.005130444169044495
0.004839135408401489
0.004124961793422699
0.0033228665590286253
0.004000472128391266
0.003461776971817017
0.006671502590179444
0.0038000953197479246
0.003462524712085724
0.008569468855857848
0.003242531716823578
0.002780698239803314
0.0033760565519332887
0.004913628101348877
0.0034859326481819154
0.0016100311279296875
0.0019598813354969025
0.0031132134795188904
0.005128515362739563
0.0044018134474754335
0.003351075053215027
0.004406552016735077
0.004510748982429504
0.003991471230983734
0.004514520764350891
0.004216969013214111
0.0028998324275016783
0.005264522433280945
0.003732141852378845
0.0028734055161476137
0.002313320189714432
0.0035971832275390626
0.004797172844409943
0.004183829426765442
0.004986023008823395
0.0029786232113838194
0.0040981659293174745
0.0031097319722175596
0.00344931423664093
0.0037434440851211548
0.003951123058795929
0.0029676705598831177
0.0034560969471931456
0.00550922155380249
0.002625567615032196
0.0037635910511016847
0.002604583501815796
0.003483409583568573
0.005133031606674194
0.0028783318400382994
0.0029465049505233766
0.003179537355899811
0.0024064457416534423
0.0035635346174240114
0.003695167601108551
0.004926533401012421
0.00683716893196106
0.004799743890762329
0.0069826370477676395
0.0030127617716789244
0.002798592746257782
0.004448372721672058
0.004614426791667938
0.0072983080148696896
0.0037453845143318176
0.0028254738450050353
0.0034588822722435
0.0034762367606163023
0.003885103464126587
0.0022963719069957734
0.004041113257408142
0.002842174768447876
0.004505086541175842
0.0030197712779045107
0.002847900390625
0.004605844020843506
0.005009304285049438
0.004727039039134979
0.003156580626964569
0.0033101487159729005
0.0032696858048439025
0.002254989743232727
0.0035292258858680725
0.004041682183742523
0.0027802765369415285
0.003246144950389862
0.0032502296566963196
0.0032133889198303223
0.004118364751338959
0.004190225303173065
0.004726136028766632
0.003373151123523712
0.0035028862953186035
0.0034320390224456786
0.0041779038310050965
0.004588460922241211
0.0040965330600738524
0.0026160293817520143
0.003593517541885376
0.002726355493068695
0.004435006380081177
0.0043976929783821105
0.0035069343447685242
0.003806261122226715
0.0030407959222793577
0.004987952411174774
0.0064607071876525875
0.003371800184249878
0.0036150932312011717
0.00248382031917572
0.0028868284821510315
0.002078717052936554
0.004936051964759827
0.0035118988156318666
0.0033301052451133726
0.0029334065318107603
0.004346062541007996
0.004093390703201294
0.003416936993598938
0.002843853235244751
0.003574676811695099
0.0053522789478302
0.004559186100959778
0.003511461615562439
0.004493682980537415
0.0037922227382659913
0.0027227631211280824
0.004990309476852417
0.0020866714417934417
0.00435354232788086
0.0032085919380187987
0.0036948636174201966
0.0035148388147354125
0.0033623453974723815
0.0029370680451393126
0.004666665196418762
0.0030788317322731017
0.0032179373502731323
0.0033991912007331846
0.003052119314670563
0.002993801832199097
0.0031217339634895323
0.004895489513874054
0.0032118761539459226
0.002563000917434692
0.002773811221122742
0.0030136778950691223
0.003999459147453308
0.003411480188369751
0.0022840815782546996
0.002278253585100174
0.0025744152069091795
0.002649213671684265
0.002198156714439392
0.003948643505573272
0.0032655718922615052
0.00268424391746521
0.005262708067893982
0.003138861656188965
0.0026870179176330567
0.003970505595207214
0.002805010676383972
0.0038155490159988404
0.0032687655091285708
0.004946218729019165
0.0028659749031066896
0.004817376732826233
0.00401246190071106
0.003414580225944519
0.004861599802970886
0.0037457552552223206
0.002917570173740387
0.003545527756214142
0.003305611312389374
0.0037403205037117005
0.004561015665531159
0.0025662875175476076
0.003190336525440216
0.002481156587600708
0.007299006581306457
0.002621105909347534
0.003599879741668701
0.004394729733467102
0.003654515743255615
0.004201721549034119
0.004597269892692566
0.003741973042488098
0.0031986457109451296
0.0029251325130462648
0.003040264844894409
0.003327624499797821
0.003930942416191101
0.004164556860923767
0.003509363532066345
0.004345260262489319
0.0027907192707061768
0.0029819312691688536
0.006163004636764526
0.0025476595759391786
0.004429622888565064
0.004012053608894348
0.0024457758665084837
0.0033786529302597046
0.0030921658873558043
0.004795816838741303
0.004535965621471405
0.002923038899898529
0.003192529082298279
0.0036324614286422727
0.0025350356101989744
0.0029948380589485167
0.002865830361843109
0.002310420572757721
0.0028762760758399963
0.002969618737697601
0.004816259145736694
0.003480246663093567
0.002341300547122955
0.0038134190440177918
0.003014407455921173
0.003158892095088959
0.0037690895795822145
0.006422290802001953
0.004102822840213776
0.0036682274937629698
0.002660549283027649
0.0033744692802429197
0.004047451913356781
0.0026155197620391845
0.004514245688915253
0.002898267209529877
0.0027600654959678648
0.0035958579182624817
0.0031205645203590394
0.0037757244706153868
0.0032756209373474123
0.004473879337310791
0.002583075761795044
0.005262548327445984
0.003122195303440094
0.005614824891090393
0.005147258639335632
0.0041949057579040525
0.0031954458355903624
0.003796900808811188
0.002841840088367462
0.004183818697929382
0.0030791273713111876
0.0050055402517318725
0.004957767426967621
0.002533062994480133
0.0038455337285995483
0.005004059672355652
0.003906969428062439
0.002852465808391571
0.002091660052537918
0.0034271883964538574
0.00223689466714859
0.0027006855607032776
0.0018212881684303284
0.0027300167083740235
0.00233012855052948
0.0021064724028110504
0.004189973473548889
0.004111943542957306
0.0022616244852542875
0.004884839951992035
0.0033068466186523438
0.0026824605464935303
0.004127317368984223
0.003852432370185852
0.002916453778743744
0.002738422155380249
0.002813624441623688
0.003002150654792786
0.003697634935379028
0.003330533504486084
0.002345704287290573
0.003743164837360382
0.00253081738948822
0.0034505924582481384
0.0028123509883880614
0.0017738772928714752
0.0030076628923416137
0.002648627161979675
0.003050749599933624
0.002223680913448334
0.004340813457965851
0.0025518500804901124
0.002742738425731659
0.0032092532515525817
0.003990429937839508
0.00257431298494339
0.0034365600347518923
0.005583499670028687
0.003859577178955078
0.0026181545853614808
0.003708072602748871
0.0028336885571479797
0.002937004566192627
0.003594945967197418
0.002815178632736206
0.002770925760269165
0.0021932384371757506
0.0034060898423194886
0.002992553412914276
0.0027485382556915283
0.004055877625942231
0.0038858506083488463
0.0023345202207565308
0.0023513856530189515
0.005721690654754638
0.0031597673892974853
0.002035616338253021
0.003753272294998169
0.0037539184093475344
0.00207815021276474
0.0022834205627441408
0.004264348745346069
0.0030364057421684264
0.00325419157743454
0.003376183807849884
0.002542288899421692
0.002433222830295563
0.002798861563205719
0.003891962468624115
0.0025190770626068114
0.0021999506652355194
0.0023345354199409483
0.004155839681625366
0.005333143472671509
0.0033655181527137757
0.004804675281047821
0.003667798638343811
0.003974703848361969
0.005862774848937988
0.003921245634555817
0.002490522712469101
0.002354952096939087
0.0022720055282115935
0.0022151049971580504
0.002935446798801422
0.0026760411262512205
0.00395828515291214
0.0031779900193214415
0.004669478535652161
0.0018809527158737183
0.0027159258723258974
0.0025632816553115847
0.0024320030212402343
0.005080088973045349
0.002573216557502747
0.0026704677939414978
0.0022086223959922793
0.0029808735847473146
0.005552864670753479
0.0026312488317489623
0.004304463267326355
0.0028267917037010193
0.003400755226612091
0.002420409023761749
0.0020313476026058196
0.002534846365451813
0.003270534574985504
0.002405229210853577
0.00387480765581131
0.0037537461519241335
0.0030189940333366395
0.004709607064723969
0.003580962419509888
0.0032560044527053834
0.0023424701392650606
0.004048926532268524
0.001905348002910614
0.0030362284183502197
0.0024833175539970397
0.0027684062719345094
0.002531336843967438
0.0019476830959320069
0.0027628731727600097
0.005938671231269836
0.002464624047279358
0.00223542258143425
0.002776535749435425
0.0023641079664230348
0.0025034326314926146
0.0027415359020233152
0.001908392310142517
0.0029230034351348877
0.004427395761013031
0.003196569383144379
0.0021670752763748168
0.0033011966943740844
0.002494053691625595
0.0018667377531528472
0.0025082722306251524
0.005084287524223328
0.004271933734416962
0.0030752336978912354
0.0018664099276065826
0.00377761572599411
0.004664020538330078
0.005521121621131897
0.004561048150062561
0.0036726993322372435
0.0023366878926754
0.0034378853440284727
0.0023205912113189696
0.0028347742557525636
0.003131059408187866
0.002718811333179474
0.0027806732058525086
0.0024410852789878844
0.0022967882454395295
0.003011976480484009
0.0044154393672943115
0.0022839859127998354
0.002897082567214966
0.0023218388855457306
0.0035073119401931763
0.0018777765333652496
0.002204219400882721
0.0018045967817306519
0.003269071578979492
0.0023857875168323515
0.0023364725708961485
0.001790103316307068
0.0033135932683944704
0.003981762826442719
0.0033757376670837404
0.003922727108001709
0.0035448235273361204
0.0043141600489616395
0.0017093425989151
0.0030029353499412535
0.005161064267158508
0.0025605550408363343
0.0027996665239334107
0.002739870846271515
0.0018673363327980043
0.0021608200669288634
0.0022612056136131287
0.0024113789200782775
0.002798594832420349
0.0026803430914878845
0.0025830161571502685
0.0050271952152252195
0.004043129086494446
0.003668471574783325
0.0028713026642799375
0.0035352647304534913
0.003106147050857544
0.0036272090673446656
0.0029029428958892824
0.003960663080215454
0.003964205980300903
0.004337344467639923
0.002285521477460861
0.002508438527584076
0.0032262614369392394
0.004390693604946137
0.002287575602531433
0.0029746267199516297
0.002927924394607544
0.00514188826084137
0.002802978754043579
0.004284451007843018
0.0026248586177825928
0.0038038739562034607
0.003605769872665405
0.004343322515487671
0.0033318978548049927
0.004364935755729675
0.002144376337528229
0.0023328515887260435
0.0023757381737232208
0.0017951983213424683
0.002210890054702759
0.003970349133014679
0.00390336811542511
0.0031263482570648192
0.0026039838790893554
0.0016542068123817444
0.003732753098011017
0.002154141217470169
0.0026680389046669006
0.0029266127943992615
0.0016778476536273956
0.0013718681037425994
0.001975419968366623
0.0030196234583854675
0.002323346138000488
0.0036237892508506776
0.004241001009941101
0.002436072677373886
0.002082584351301193
0.0037166863679885865
0.00324324905872345
0.0024094322323799135
0.002959160506725311
0.005334605574607849
0.003154066205024719
0.003165993094444275
0.00239083468914032
0.0031182053685188294
0.001640666574239731
0.0031267884373664856
0.0021490463614463806
0.0038310527801513673
0.00312079519033432
0.0039013031125068663
0.0023598964512348175
0.0029021304845809935
0.0038003784418106077
0.003133739531040192
0.0021750852465629578
0.002040301114320755
0.0027435749769210817
0.003214770555496216
0.002066501677036285
0.0027146118879318236
0.0029295608401298523
0.0033539292216300965
0.0023154649138450623
0.002724977731704712
0.0019405625760555267
0.0038871806859970093
0.002234809547662735
0.0035734733939170836
0.002264133840799332
0.004289438128471375
0.0027470025420188904
0.0028337618708610536
0.0032679784297943116
0.003714963495731354
0.007025539875030518
0.0017802421748638153
0.0035318294167518615
0.00420492172241211
0.0029296410083770753
0.003071223497390747
0.0019609431922435762
0.005535064935684204
0.002324343919754028
0.003786705732345581
0.002331400364637375
0.0019096142053604125
0.0027384841442108154
0.002745131254196167
0.002997465431690216
0.002048301696777344
0.002473536282777786
0.0020843492448329925
0.003621762990951538
0.0016748133301734925
0.002225189656019211
0.0023924501240253446
0.002342943698167801
0.003362017869949341
0.002572886645793915
0.002022832930088043
0.0027029043436050415
0.0029031595587730406
0.002419353425502777
0.002893089056015015
0.0029436850547790525
0.002680931985378265
0.004764071702957153
0.0025557714700698854
0.003974617719650269
0.002166862040758133
0.002624264359474182
0.0026158282160758974
0.0017397424578666687
0.0022585834562778473
0.002128133028745651
0.002902919054031372
0.0019148354232311248
0.0023825371265411375
0.0016497927904129028
0.0025269755721092223
0.003256765604019165
0.003017123341560364
0.00481470137834549
0.0022221586108207704
0.003992730677127838
0.0039427119493484495
0.0017183154821395874
0.00461564838886261
0.003281340003013611
0.0027205690741539
0.002641094624996185
0.0015614716708660125
0.0030512800812721253
0.0023644432425498963
0.003083049654960632
0.00231251984834671
0.003377235531806946
0.00263250470161438
0.003051779270172119
0.0032562872767448424
0.001982554942369461
0.0028332263231277467
0.003080092668533325
0.004134636819362641
0.002650834023952484
0.0035048729181289674
0.0033562853932380676
0.004495437741279602
0.0030965399742126465
0.0023056110739707947
0.0023625925183296203
0.004751438796520233
0.0025297003984451295
0.0043543240427970885
0.0027909424901008608
0.002639285624027252
0.002061877101659775
0.0021278999745845796
0.002823093831539154
0.0024542778730392454
0.003347650170326233
0.001911272406578064
0.0026572686433792114
0.0025740060210227966
0.003091452121734619
0.0028933393955230713
0.0009550151973962784
0.0020851136744022367
0.001992604434490204
0.0029912522435188295
0.0029510727524757387
0.0028643253445625304
0.0024222759902477265
0.0027390369772911072
0.002109080255031586
0.003969198167324066
0.001685403436422348
0.0022428871691226957
0.0014336492121219636
0.0021961347758769987
0.0022221285104751585
0.0023923835158348086
0.0015710325539112092
0.002619628608226776
0.004844546914100647
0.003729599416255951
0.002624576687812805
0.004133472442626953
0.00367437481880188
0.003187553882598877
0.0024568061530590058
0.0029769599437713622
0.005679216980934143
0.004115600287914276
0.0025428387522697447
0.0035468563437461853
0.004136462807655335
0.0027322328090667726
0.0021359924972057342
0.0032524913549423218
0.003135678768157959
0.0036790522933006285
0.0021322232484817503
0.0034448489546775817
0.003084723949432373
0.002429465800523758
0.00275403618812561
0.002238890826702118
0.0036547344923019407
0.002677244544029236
0.0049045845866203305
0.0030137714743614197
0.002982945144176483
0.003943212628364563
0.0024021804332733155
0.0026869377493858337
0.0041039130091667176
0.003128257989883423
0.0022410619258880615
0.0026063331961631775
0.0022174397110939024
0.0025148391723632812
0.002219836860895157
0.0019529037177562713
0.002092940509319305
0.0031288689374923706
0.002061537951231003
0.0020170728862285614
0.0020902857184410097
0.004070357978343963
0.0029682856798171997
0.002175446301698685
0.0067205893993377685
0.0020543090999126435
0.0013998112082481385
0.0022065387666225433
0.003249461352825165
0.0029539668560028074
0.0022244179248809815
0.0026222413778305056
0.003434062898159027
0.0031021180748939513
0.0020594780147075655
0.0017552497982978822
0.002118016630411148
0.0037766265869140624
0.0026515698432922363
0.0017724692821502685
0.0031577965617179873
0.0041942298412323
0.0025255629420280457
0.0025961583852767943
0.0020029781758785247
0.0038992226123809814
0.0024389137327671053
0.0024163669347763064
0.0027334198355674745
0.0033600831031799314
0.00372298926115036
0.004131491184234619
0.0032888084650039675
0.0021964436769485473
0.003112908899784088
0.0038521286845207216
0.0020251572132110596
0.002863869071006775
0.00275890976190567
0.0022008362412452697
0.0026390260457992555
0.0030829545855522154
0.00277676522731781
0.0019180195033550263
0.0016194529831409453
0.00332558274269104
0.002897517681121826
0.003137246370315552
0.0022231784462928774
0.0030009195208549498
0.004181002676486969
0.003807621896266937
0.0024007748067378996
0.0020505709946155547
0.0028893759846687316
0.0033591559529304506
0.0032791578769683838
0.0031126463413238526
0.0019463510811328888
0.0017640991508960724
0.0036261874437332154
0.0030476585030555724
0.0038325482606887816
0.0022206538915634155
0.0025536879897117616
0.003683901131153107
0.0036613741517066956
0.002267741411924362
0.0023367080092430116
0.0014135611057281494
0.005638977289199829
0.0027055355906486513
0.003490365743637085
0.0029368364810943605
0.0017984044551849366
0.0021382902562618257
0.004280275404453277
0.0037697353959083558
0.002942657768726349
0.0045461425185203555
0.002500200569629669
0.0033958831429481504
0.002609602212905884
0.002485342025756836
0.002888553738594055
0.0017644748091697692
0.0025762000679969786
0.0023212406039237977
0.0022583778202533724
0.002942485213279724
0.0018210683763027191
0.0026359039545059203
0.001978205442428589
0.002676478624343872
0.0017112860083580018
0.002058043330907822
0.0038231155276298523
0.00321506530046463
0.0026086005568504334
0.0025584614276885987
0.0022560331225395204
0.001790173202753067
0.002097627967596054
0.003012271821498871
0.002324841320514679
0.0024483785033226012
0.0024573777616024015
0.001780778467655182
0.0015974646806716918
0.0029629215598106383
0.002098539471626282
0.002996802031993866
0.0028817427158355714
0.0035896933078765868
0.0037265807390213014
0.001837039589881897
0.0031128802895545957
0.0022105877101421356
0.003921351134777069
0.0018255825340747834
0.002534767985343933
0.0026649028062820435
0.0026505038142204283
0.002378045618534088
0.0029399898648262025
0.002678182125091553
0.0028751763701438905
0.0017679329216480255
0.003963523805141449
0.0014649426937103271
0.0013354408740997314
0.0018196459114551543
0.0023957130312919615
0.0032602497935295106
0.0023497028648853304
0.001701415628194809
0.0032051554322242736
0.002595016360282898
0.0020822380483150483
0.0031602320075035093
0.003337809443473816
0.0029427018761634827
0.0019080571830272675
0.002921134531497955
0.0022002902626991274
0.001723988652229309
0.0021938735246658323
0.0025431227684020994
0.0020300313830375672
0.0015629589557647704
0.0027128079533576964
0.001461058408021927
0.004021650552749634
0.0020829419791698455
0.00213455930352211
0.002081658989191055
0.001992782950401306
0.0021932949125766754
0.0028435540199279784
0.0027693909406661986
0.0020681875944137573
0.003844601511955261
0.002203051894903183
0.0023129726946353913
0.002711888253688812
0.0026226967573165895
0.002348892092704773
0.003283257782459259
0.003766821920871735
0.0033864808082580567
0.0020406410098075868
0.0019490794837474822
0.0029964101314544677
0.002295871376991272
0.0026725512742996217
0.0028855463862419127
0.003265308439731598
0.0025563085079193114
0.0021029143035411835
0.005477927923202515
0.003526766896247864
0.0020257654786109925
0.002697812616825104
0.0012145764380693436
0.002026209682226181
0.0025779420137405397
0.003049774169921875
0.0025327551364898683
0.0028395941853523255
0.002460995614528656
0.0042735707759857175
0.0027571773529052736
0.0021653300523757934
0.0023655536770820617
0.002102151811122894
0.002279438227415085
0.004579784274101257
0.002555457353591919
0.0020184510946273802
0.0023755837976932527
0.0019819432497024535
0.0012883856892585755
0.0036416652798652647
0.002127180099487305
0.0016900411248207093
0.0020326806604862215
0.0021117790043354034
0.0032222983241081238
0.0027595651149749756
0.0026658394932746886
0.001903662532567978
0.0017943260073661803
0.004238656759262085
0.0035779568552970886
0.0022726112604141233
0.0021674171090126037
0.002508045434951782
0.0013432660698890686
0.0020273114740848542
0.003176800608634949
0.0020420871675014495
0.005057711005210876
0.0035415351390838622
0.0029210692644119265
0.001535671353340149
0.002384133338928223
0.0017956255376338959
0.002186122536659241
0.0013931269943714142
0.003341319262981415
0.0021227455139160157
0.0029789826273918154
0.002229747772216797
0.0031853538751602174
0.002028802037239075
0.0021348373591899873
0.0019876350462436675
0.0018875202536582946
0.003368435204029083
0.001689946949481964
0.004026713669300079
0.0015330615639686585
0.004256852865219116
0.0017971330881118774
0.004983803927898407
0.0018999412655830382
0.0017507565021514892
0.002912021279335022
0.002168436497449875
0.0043450134992599485
0.0021815837919712065
0.002800184488296509
0.0022463606297969817
0.0026147842407226564
0.002133991867303848
0.0024706853926181795
0.00262069970369339
0.0017202389240264892
0.001959012597799301
0.0018363694846630096
0.0013647295534610748
0.00294253945350647
0.0025831124186515807
0.003206771016120911
0.0020920997858047486
0.0013925608992576598
0.0033165183663368225
0.0017211975157260895
0.003217891752719879
0.0019533050060272215
0.002055053561925888
0.002866547405719757
0.002751525640487671
0.0015125688910484314
0.00286279171705246
0.0030359116196632383
0.002376508563756943
0.002393161207437515
0.003381018340587616
0.0022059357166290283
0.0017669467628002166
0.0017589780688285828
0.0021286533772945405
0.0018481750786304473
0.0026577019691467283
0.0016385193169116974
0.0029380631446838377
0.0021489830315113067
0.0027914714813232423
0.001262994259595871
0.0017708367109298706
0.002463278621435165
0.0026281750202178955
0.002577221691608429
0.0034568560123443602
0.003531976640224457
0.002308852821588516
0.0014197731018066406
0.0024504131078720093
0.0024216903746128084
0.002927248179912567
0.001980358064174652
0.002115379124879837
0.0031039959192276003
0.004059984982013702
0.002508822679519653
0.0027490854263305664
0.004095321893692017
0.0020445339381694795
0.0018670040369033814
0.00473682314157486
0.0020617233216762543
0.001953817307949066
0.0019442328810691833
0.002759546935558319
0.003030830919742584
0.002379792332649231
0.001989493519067764
0.0029855868220329284
0.004167803823947907
0.0022995848953723907
0.00148879274725914
0.004370136260986328
0.0033893424272537233
0.0020735351741313934
0.0029632019996643066
